59: True, 59 26 30 3.066244 2 [2]: [26, 30]
64: True, 64 14 63 3.789650 3 [3]: [14, 17, 24]
65: True, 65 12 62 3.789841 3 [3]: [12, 16, 35]
66: True, 66 13 27 3.795410 2 [2]: [13, 27]
73: True, 73 9 28 4.123404 2 [2]: [9, 28]
76: True, 76 33 69 4.331327 3 [3]: [33, 3, 6]
77: True, 77 29 68 4.343771 3 [3]: [29, 2, 25]
78: True, 78 32 37 4.381886 2 [2]: [32, 37]
79: True, 79 38 61 4.467271 3 [3]: [38, 31, 41]
84: True, 84 52 70 4.708292 3 [3]: [52, 23, 55]
88: True, 88 46 75 4.800768 4 [4]: [46, 51, 42, 56]
93: True, 93 54 57 5.009537 2 [2]: [54, 57]
94: True, 94 7 91 5.146038 3 [3]: [7, 8, 11]
95: True, 95 34 36 5.241463 2 [2]: [34, 36]
101: True, 101 0 1 5.556815 2 [2]: [0, 1]
102: True, 102 45 74 5.695907 4 [4]: [45, 50, 44, 48]
