59 26 30 3.066244 2
60 44 48 3.451236 2
61 31 41 3.638443 2
62 16 35 3.695558 2
63 17 24 3.706166 2
64 14 63 3.789650 3
65 12 62 3.789841 3
66 13 27 3.795410 2
67 19 64 3.816538 4
68 2 25 3.918397 2
69 3 6 3.948535 2
70 23 55 4.081154 2
71 42 56 4.106257 2
72 18 67 4.117715 5
73 9 28 4.123404 2
74 50 60 4.150035 3
75 51 71 4.201274 3
76 33 69 4.331327 3
77 29 68 4.343771 3
78 32 37 4.381886 2
79 38 61 4.467271 3
80 66 72 4.476082 7
81 73 79 4.509486 5
82 76 77 4.528245 6
83 21 80 4.568815 8
84 52 70 4.708292 3
85 81 82 4.726928 11
86 10 83 4.759378 9
87 85 86 4.781975 20
88 46 75 4.800768 4
89 87 88 4.819568 24
90 84 89 4.870391 27
91 8 11 4.960531 2
92 39 90 4.961954 28
93 54 57 5.009537 2
94 7 91 5.146038 3
95 34 36 5.241463 2
96 78 92 5.289420 30
97 94 96 5.312517 33
98 20 97 5.400829 34
99 4 98 5.472340 35
100 22 99 5.549648 36
101 0 1 5.556815 2
102 45 74 5.695907 4
103 100 102 5.852522 40
104 93 103 6.084582 42
105 15 104 6.087294 43
106 5 105 6.139180 44
107 65 106 6.170756 47
108 95 107 6.170986 49
109 53 108 6.207414 50
110 43 109 6.297538 51
111 59 110 6.359016 53
112 47 111 6.635072 54
113 49 112 6.795350 55
114 40 113 6.913642 56
115 101 114 7.252044 58
116 58 115 10.873220 59
